3428111964
2969402914
225773898
4258687770
2627183483
2593607347
1293419952
3382374343
1604337826
1798256510
3902724897
186582854
510388883
2473779332
4149410047
3853998268
490823211
1377372487
3703146990
4160186876
1552993235
831221010
1631023340
1371563916
4183186389
1193110514
1057919700
2427980377
450802694
624689758
1377397287
917813571
2736048330
3942544615
1669734660
1133947728
393162906
1086914546
126409781
1453217555
3395906176
2521255031
1887842053
834699468
3035548265
4074366595
4018119497
2049810255
3306242917
3844328924
4077994520
990571820
2517423606
3463014377
2839396252
498989441
3529567223
4217419166
1335452048
226345899
749274211
1752717565
1222515623
411153694
251318496
2442505228
420812807
2690782169
2029094944
1848662191
1895814640
3803516638
3146544032
3242384518
3019990162
1501974560
1582062427
2094659029
69926873
1428881247
2865330637
2173854536
1830558376
631027033
3841522820
1680993912
651411920
1830406504
626067657
1414106565
2919153023
1168899515
391181455
3932992379
1883797841
3478054087
1620192015
4166724263
3346607881
1723456704
1893950466
533956080
542356615
3646870819
3884535659
2589937432
238999606
203054447
755647539
1383071440
3066017786
3773118924
292706995
3200738198
1307911576
3559659016
1444372121
2279387288
2414286197
2970487006
2434577029
3367609041
1094737809
2562201258
4148713935
1649651904
3655597332
4101116370
3027472901
492003181
1807768028
1025559811
262904238
1208971165
796608101
3342038434
2439660513
53352980
1318506688
410528291
2792778178
2022411309
2429688916
2890679748
2091518737
1999359711
99979203
2804937303
2667402362
3867949826
2530742057
1441630254
1010557869
2412102047
2769794733
3962349433
2733739782
2290705059
2300216145
2921584613
1290129054
325181944
4262251072
4234671824
2745193542
1579518367
3423892847
2222144170
533725008
182726180
2187088222
865869604
697071668
3028645062
621887173
1721811014
3792844393
2764287332
4186602274
3571021594
2167023469
1444198904
121503040
967201648
3465376233
1848670711
1891273658
119071894
3535363292
4132383470
2196696082
1655501159
3692192392
3766134399
1427953169
3793417203
3667362757
2832035437
2761542998
426791829
4176061199
3581949753
420136563
4281762817
3489196389
763218609
4206488009
2752074486
93456242
164333695
267685710
313754427
852187568
2556290609
1183949585
1987184545
561476571
2377260511
3110386334
2759935342
361643203
153191725
4097622286
3533975097
2972269074
1487746958
2790235550
2232042644
1537733628
4030030953
796382638
2858365738
2011065799
321486839
1965329393
3680641398
1753323281
276744742
1945651491
535500135
3765830972
2211421831
4053254653
3952876618
4250094634
1785357736
607160217
1097832742
3737967486
3110716485
498603269
224597840
2699537760
1404643734
3337140113
2724717133
