4216787218
4171473958
283651181
3227387794
2774095868
3647902449
2935516311
4290966491
3817842702
681626640
489511839
1401975727
3543997143
2936484797
2638333521
2236333715
1489056580
3410510271
1217759978
2011262199
2171002905
3402641114
2439853625
1905391103
3528717176
2109565749
1935711075
748252005
1558101428
1169342984
773211388
4236802848
1872587574
1591431984
2602076433
102971501
1620549078
2119679637
894705648
1435978103
2003680992
982904487
2746044941
3731697166
575918916
797184968
2162446486
1645738742
693858384
2482799448
2821335769
1504659836
698686832
1180545595
2030173379
331010125
1797652778
2920633134
2644897063
4032250269
3463645106
3367694474
3253601090
4118254519
1273255204
2298460021
224015869
2016297408
935411162
1433610155
2954705676
1389389342
2129562262
1098027298
71242591
2430623453
243220291
2151770041
1305750625
2271997027
953505084
2459796609
1750788672
2490086493
1591084779
1603982003
4050498798
783864913
1175194067
3167929296
3912433145
949752142
3560122535
3053052208
4207051985
2359053595
3498089477
3039883583
1516304289
1630033131
2863527967
1447870624
3722122971
3715701491
2396666283
744808276
1128380779
3066921147
4232990702
3539523402
956185705
3374281780
336339048
925268624
1287266418
1724911369
658874883
3271710943
2131427552
686800979
3178437296
2045140419
1198717141
1221801226
1976246143
152148457
1912646209
743027772
1689177915
1736937163
2522363432
2304214732
445228115
4059740396
325261199
3807242081
3428175640
3852473556
678831153
649299325
1191698552
1974212714
1338699266
1735228221
602960026
2481807373
3401185949
2339754961
871672730
1911739487
4258646474
3578029216
3183674308
1454706331
2483552125
2979098621
304618729
976985897
1257508450
1367589014
1675376005
4091251895
459477054
3891931140
1467936374
4278370379
1136918825
47459708
3889720825
3516708254
952339854
667766369
3016261529
237230630
1728438079
4210827553
1249204277
2150063989
2530103513
4104011168
867091516
3267518538
2258257143
1185745953
2221191153
2030538715
3542664929
103048413
1595883124
1003575058
1399357190
857308693
3177651956
1873433478
1018620674
3058873067
1821924847
3209371580
784182190
2948857086
724634720
3450608058
3350562562
2882397300
3793266508
1247821230
4162977638
1085615198
2640616035
126283171
1017691915
964224522
3595220694
3245533043
1073520441
3136578105
824474640
1332950543
2099375923
635232449
479052018
2073783850
508284654
1688047649
2610645203
90876643
2288611817
3312712500
119300151
3428293588
736920352
93563892
316046158
547913725
2859553326
4178837593
3870917073
2738287589
1915546224
1805292142
923405090
1445597337
2954708185
1906986208
148219501
3002634457
1520267079
1815759787
1009297810
669190158
296902290
2533430946
1106098720
3940318047
2867078626
548023248
