3053489225
3123311670
644582744
2617978111
2656415016
328136365
3555210979
476506610
828333298
47477205
1023524104
4044801973
4057273974
1355551911
3039113650
197671217
2874742583
1348816633
2353426526
653360137
2008667653
2183039515
3270234916
3106761750
1759239390
1712328085
2651273401
2043305342
2777135831
3352756480
1652789139
2906488226
3486741386
4004221901
1779356886
2149500656
4070002498
1809861350
161525131
2414844829
586249616
2573203794
4145761496
805964488
3716466592
2997859852
1193380787
1098032722
1721398954
1182480036
998898661
1285682670
2445444107
338286777
2683931495
3418229598
4057657915
3360268596
3295011947
1492104793
275231362
3560735100
3914831591
4122775
3372885688
1591431783
2673083762
957797478
3137050328
2383376950
2576212277
3168687463
2744988062
565368867
3169135156
902558968
3150570798
2891591364
2766363415
2907617466
3005454537
1716357748
2353350572
2247717004
1340766724
1988566013
3967999058
1022109956
2461751220
1604934246
2599745822
2804734766
2231027206
3818042404
1952801163
3125694377
2475462409
3762434752
1206829860
1178539350
1736982602
4120308072
585861072
189749129
2120449423
2508592016
2716723343
3790708385
2796770117
1070055588
1688854499
110068215
1169423021
268734727
3017305788
3007584619
654279283
2985736862
3921404357
4005521390
764409638
2558575349
942142124
786075993
4268553128
4288972831
156690679
1663031452
1830827757
396043043
4118333775
1087532475
2651482454
3366899147
1531730630
2033440261
3532957299
2903132531
3522582401
1259808456
1145014382
2072163754
2354974173
90605062
3003779954
1026080625
845172249
708302982
3760376639
2917965762
2060538057
2910008416
687201265
2623795746
404386375
1783357892
2598826161
710765890
913396048
566259136
357789814
821091162
3011484296
328660453
1728973072
4086618173
259473235
157115956
3599078826
3366311763
1558578592
2520981474
4078165220
758113907
771881090
2438636874
736446558
1210135535
2059024064
295610133
1286086426
3929726842
4259908957
2745905316
2482523028
3856117317
1445042518
2260001528
1679995208
228073073
345596478
1444292117
382683816
2478212711
1534074814
4049003385
4177455062
2519537706
3291769088
1786588992
1020641500
2438655139
3366532182
73148460
3646257898
2072988482
3662040455
2486233388
1743642
619387304
349648219
3507025391
3711396682
4160846858
2291959723
3339224453
2820648293
3986104489
3280629835
1590693229
3404005712
1776254001
1317494180
1738448569
935442195
1579320808
479211698
1384958468
148330658
1876069969
2078736311
2365997457
1765285287
752002250
135515877
2840205134
4237790677
1637436443
3230925589
3210833321
531389790
886158236
1835829022
902807168
451536855
3568141268
2083765690
1193753948
2266346028
2659799767
550352722
1383946234
672367550
1189844581
2470815032
1507940991
