2380056826
3414104932
3920030919
2537699075
2954184958
2329138649
2713053737
2975413499
3943287815
993339617
3958382501
2953369683
211721597
854217066
2996071094
737003857
1780850759
1708232306
4067810870
2455482699
3541993957
1519648813
2389987639
1895171281
1649742310
2927745328
171543369
3691967024
2387649603
1575312172
3423747106
795786123
3477218031
493855232
816163385
1277681613
2332346819
1668957325
1181016211
3720561751
1458854751
870578857
1915646804
2518558497
615089595
2403850451
3325981566
192303793
478808865
1743538940
870146918
165965498
184890384
361409536
2106617715
4050394175
4113689223
2447772497
3321086571
4023433408
433878257
809568077
1011129765
1556680020
1847586615
2510994915
467276725
3333769411
1832911204
1846972627
3988255788
4284356023
206793032
2842031271
2249293067
1921380518
3689020953
465596483
114145644
2892760727
893707917
1341472102
1306757812
3050961763
1118565537
2658433755
2826988971
3015330161
2714538681
449454166
3252155282
3485013536
3351112545
4262467283
707515453
2896176675
1877210814
4127521016
3514212191
1238007492
3070271344
1591536191
295843359
1364573849
1206231656
3414006381
3802819976
1722058654
419700689
2396215770
2799418278
1524919236
2975036904
2363551147
2357345554
963087419
1113054033
4131234545
2074153021
1284561825
635708438
2447073984
1731525631
2646313546
1054044819
98847108
3908857699
3271561196
2422548738
2199046284
1189343867
3610653389
717661464
599725931
436743490
782558814
46516456
1247493677
2487131659
3282310841
1054814380
3148266391
1734705898
2640869676
3979525077
3974886467
2624082579
3605526573
1151530760
184233163
194151085
3667169374
1442253232
638269475
4187808840
460655509
3186555256
2393799929
3647181525
3175785555
1386814368
1659360585
428447523
4019703929
3060692612
3640410849
627634382
2742934471
328283416
2593793379
900496807
3619411729
830327862
1647546047
2164605867
3095825592
3088320654
3085862065
1918012964
45578540
3813220743
2080943747
3390688190
3133877011
3632138147
619464777
1920234107
3091585194
1576220236
1138928081
2713957300
967319350
1344656754
2850180255
2632888842
2477777424
659064718
1298156361
3127553087
1525156503
1756520551
304268795
691028126
1407879088
3336377545
4043740006
3885808694
4127252650
3053195663
3132521709
614174956
1502338731
1760419402
4280800224
60527999
162330874
1620895426
597710211
369099564
3837753852
2688770117
2247198492
2024114803
117522068
619312928
504320074
1154257107
1103918237
1549197252
562157323
2183074699
3482086586
3032819349
1992068611
3265938607
1968535528
3156962400
185177193
1928308738
3443323154
2896807470
94455195
439733247
3770881135
4234479828
3292710116
3504809808
4150789986
3119777721
2095066837
2359601368
1205728503
2087477681
3637646933
820853760
1557996122
