1090299259
39094505
1317308544
1428552973
2709116602
1145123953
3835757755
554301793
1884107343
2459532845
3262820054
3853876953
1379141125
1966561704
2392767928
824057775
1835253381
1563589651
3574457256
1402948327
1018313556
3590460412
2418029048
2692436954
837172317
1298150213
1961286037
4068747307
4040188093
809043219
1346756517
334886010
3708597755
3291176321
167091928
320284201
42178411
4031164427
4094689183
3746146333
229744098
3052356453
1066688780
4161457131
2028897909
3840308555
4182423355
1974762331
927165126
2186323707
94904259
1177704810
2501797088
2924691106
4047207326
703981286
2575585699
3190965534
2743209338
317656854
4282745699
4248589148
899094923
1687688392
1688809942
1309808139
3754688240
3336926616
2563003568
2606247357
2676835354
4037911736
2241534150
3632970035
1542771726
2263209190
2139368192
2798730206
4090738481
2412600315
3795733002
3709463393
535128309
963390407
559145478
3711332961
3218516094
2415521932
107896223
1157196303
184156398
3499300504
1049601771
138420909
637135704
201974766
4257295848
2608311437
683430060
3035379269
3857945615
2000124579
3944531818
3850159380
4029261638
2821724287
3217386076
3804659470
360953067
3142566974
2656960658
675700904
2392411712
2906865576
742776307
2639977775
3675509037
57323578
3252442655
3604782799
3039210309
3584480946
4035881672
2369042648
1560941217
628225264
707049595
2705736418
986708537
1539775494
1472202195
1099239844
3300721011
2075824353
1291546126
3841484400
3280700217
331240932
977728364
3810886253
1798138554
106470138
2548618661
2034437254
3552688309
2367096846
1103213304
29223453
1351348834
3012733727
115920165
4128344263
2897271919
1331680510
2706231126
2431468980
247587379
2148830745
1355089723
2521197999
3836393160
908408031
3551042263
339252963
1673882857
540728536
3474937266
2530471154
2231041931
1557090151
4203072866
77742159
217790183
3003327831
4243317027
301599898
149471036
1999684262
4272312763
2887540544
658266398
804730913
2424956571
3492841143
2208788791
1441886526
3683824527
3910250414
1714012971
4223479023
2526248292
1855228567
3434039907
3180440520
4152482848
1090168404
1033692332
2522415246
112492793
645246587
1686926673
2995462598
3091085677
2188568255
1947551026
103819285
3593383911
2770934355
791042207
544645639
591517128
78257348
2433566032
222535455
3891497844
3880838996
2578319707
3247413004
2549716476
2985436534
785354068
2587498682
3692277288
2721339037
3225286561
1999609046
1946925262
674889973
3572364837
2184692371
2896650501
2149051779
2236969377
1665841555
1177198688
3722367087
219923269
2687289941
1018780633
2472193655
3745246707
1113532255
1152396207
3384459451
4169269185
255581932
2343096743
553226343
3424825895
554780593
2135062849
2073655857
2095366613
3218887923
4039292452
2620638356
