2934441870
3820561490
840443113
2378656047
2873533667
3092351604
2593392248
2119136743
397852932
1354339685
97426464
3043842469
2356422737
2535464391
2325206472
4255493987
2492407581
762836055
2911466582
1994583757
2972618611
3374198845
1894902266
1272500916
4217667864
1362585174
495485674
2827826309
40690156
2680600628
2043224471
2293609918
1968806857
2014666905
1097882048
3684176462
1758956486
3843747328
2368664762
830454575
1780741333
867830404
254977392
4191098632
1594982473
1306760299
657083340
1878843635
2266978632
3943300370
2751658807
2169197360
4137916299
578121420
518281370
598258697
58019157
3014711630
4232274217
2898923202
2301774326
715931414
2368803143
1526938166
1621317497
1866447786
3886970925
622270178
3804662705
3798015784
3228064867
335059389
874160011
1730471655
1439803891
883449802
2707189646
907845281
433688200
3149449449
977209122
3400818520
292238615
64096885
3074429316
3795932701
550967080
872701246
965586753
3175089824
514306134
2026606380
261571782
1736912145
1505540440
1276170432
3328570407
1149440199
3379792981
3520671214
2372115548
3506998641
2275891296
4251643020
3746099742
1797109708
3763059041
166704642
453248184
2002323649
2554186017
3807897288
2131646284
1587856090
891374978
404931229
2060999162
2215501761
3572017665
3472011834
1119554881
3365168980
187426211
2704486232
1654275065
2531234367
253133931
1102920549
3620398564
1823403002
381945916
4033575677
3465938688
2447535851
1434406349
2958620662
811101368
3876901858
4053440089
2893062020
4075162666
3731415295
3108183947
2667864436
2002342490
3718903757
3935665868
1544360250
983330051
1883641852
3777282847
2439348448
270166807
113999475
4293015119
3541583206
4051696018
4204876979
1118449692
4182893425
2169168656
3587489370
3727190315
4078443948
3943125549
387966931
2004661934
2860266270
1644880900
220557951
4140733502
2931189801
1453610050
4136012931
3751344440
1594147719
457341733
767313979
653610037
903751704
3696369493
999031560
1442089932
3275545228
2934625996
2293080240
3578530574
2595955906
2695997015
2334730829
1612926101
177811872
2893314992
2366844353
2584046713
247944948
2670142334
3228162627
3543362074
969939650
1496802074
1965571539
2420332372
1846095249
193466472
256312970
4033046804
3607897545
1623728283
15378809
1456276156
1328893682
1989426464
3060449218
2570789934
3617950125
2264122320
458366670
3839312826
3977285764
3234106732
3647669014
3307501153
3231191336
2586311135
4001976586
3964342178
290358007
2270986532
495545122
1528619610
43418057
2481912489
4287569284
3044388026
3426161390
4071934503
945802471
1070748898
4116992659
1772059593
449027979
3103109344
216175995
97582070
1057997920
3168395896
989983699
2125549647
3358947845
2776388324
2455402982
120244714
372163698
2570085594
2874868015
