2152721217
3398598099
4148459166
659661039
1591008331
2241944809
1669656462
2113594108
2002776813
1059408533
2042365431
3638085044
2521816005
1129906559
1242932366
3362621652
2864987389
3515177840
2955983289
937516765
1590691114
2689601033
3786361618
2823295498
3674763976
1387362909
3203652367
565471965
782909967
902998664
566953935
2282740042
2829489249
784041605
1745457101
2216225933
1406240433
453427657
2345607661
282774605
4217375911
3652674286
2407170359
4114735738
4289991373
2088114542
777575168
3866734814
3370883853
1724988840
