633704272
379205884
3778321308
823146211
493432271
2130522332
2797727248
2981229620
4064679117
1681235977
2576290039
1796131682
1458730618
548604445
3454651369
3150125206
4081132761
888573388
3143261771
4149487139
218585637
1270568899
3265536101
4053832591
2845473600
2708331558
2742202186
899071061
1501713487
2553181297
2623226602
2001844772
2880709752
2544989377
3920678960
833664456
4131658497
1789556199
2895992036
388558941
1420516069
1026476358
2169349751
2396043066
3749617286
2036408879
2260021857
1019746078
3999904400
3636228549
2961749929
707664678
4209175666
1198311019
998254381
4178371365
1468079842
1609380083
2061637478
1259627535
3071734241
2628853574
2173134840
2322962335
3329563728
3020523029
1227438994
3847612716
3943643278
2783650103
3129863886
1982534537
2564012821
2352756380
4098472730
3486441287
1267501328
2476686519
1532483457
3714526548
2727169278
2032793320
2018783053
2373270700
2644722453
3474832957
946122708
188932809
106503679
3843101483
1548795545
2721306920
3071063201
3236721709
2665433129
1281502421
216561641
1798407679
1321686965
4191131550
3682630973
3908898480
204788035
2523189448
2738143994
1990861896
1274477650
400589523
3988592574
3897118713
1453847009
497562159
2720303885
2246977709
3459077029
1670418036
1723175892
2629791565
2640936637
3226054547
3608547857
4176920539
3317976435
3694247866
2477427055
1620544615
1216233321
621735837
2627539272
1817778680
961717553
4078342821
3838692596
3597360127
3917356860
787186970
456785687
2710418000
3551072528
4135729112
3381916070
3210395575
2898642454
1470493823
385028097
2203252541
1945287760
186861724
2565085497
2147407957
3698179878
3426147729
3417868646
2611120105
3845070760
3430171204
230866931
1984021530
619749568
3602965667
1436609389
4036355086
3878753180
1818209189
452025754
2811864969
2124941812
2882769385
716372984
2933385341
3764568613
1178396080
1770473300
3042402689
2903079636
2653842366
3087125043
3038438850
542574935
2674650369
2332584754
3687187764
3476401545
3396924263
560705800
3380129693
2969618089
2937202828
2601358290
4287628578
3466037598
994525848
4066444561
2297194697
3566289201
3844339605
1061814893
147171296
1957863222
759025879
3252219873
843120165
3692025616
1803425546
2069337222
1219620144
3470592914
2902188988
3755922000
3722086186
653145256
4157497174
887964560
2523947936
1991332513
1013608079
2849692795
1160401082
2875742540
2866385420
917531220
3695926609
3105478898
520210766
1785605717
4122838897
18642295
3593926428
2775964824
4061092007
2271404952
1834553828
3927873700
2185210168
1624928404
1743532646
1351097210
2365186005
668719839
1968955759
383857396
3017665658
3605380953
4032485440
1453264010
3937674330
3169873831
2337801282
1018117582
3186407186
1724709390
4197236466
1815409369
301058446
974994910
3426107882
