2139363739
2980858722
2658185169
3075429118
1287719708
2841558368
1119710153
2359900553
1433894657
2359219844
3875609741
4117937575
1558350813
397112090
27246604
3648640439
4057868041
1693255386
3268268278
1595819419
2589842329
2224188323
1179841803
2652478257
4247396051
484439988
1828458807
3842635025
3186146478
2806324128
1190812179
549531812
2824257547
2811386063
598068170
2429911223
3010128623
818061661
1517133860
420948632
3077491315
997026718
2829041054
2710337382
2336761195
1971716138
2140625026
3266423733
3676342621
456347088
194463081
3341105174
3407363416
3520713702
2018317926
1412928243
1086243960
35250864
2673158549
1966582316
3737821567
3693811568
4266823072
789585096
2574229992
4261024989
1405106468
2032392932
3538297074
2238853985
2318089245
4218094526
2687832038
1685877442
3146155989
4136171380
461007597
1136094327
175521978
3975260591
2833480327
1061369302
3700107877
4106878782
3799369213
3366184951
3391310208
3353099280
3175314611
2996828093
1778477391
3380543837
2523673834
2844572942
1288094104
3200205331
2574898105
2148486890
4058779561
145936497
1355264124
296009371
2584209726
123786773
3881413595
3379008753
3000638981
3723331708
1896408262
2392405292
1260834859
598223141
765181394
1669242910
3875566816
756758145
4214703824
1471996142
3522242974
3707401060
2521252464
2412691515
1219730185
1259793303
2496697231
317500115
3541907478
2426152098
3631004007
4035676888
2926042186
3314483872
2420641527
2176838205
3868112744
2082423035
1186705309
3263345374
1982921949
3793056375
1438330674
2030058123
1560400282
2766707923
2647597756
1622619080
3900988946
568336561
1622382450
3524409775
3597158275
2169009642
1444040026
1217617665
3346965065
2059918134
321887537
500526775
385309324
2875661710
2343660837
4150562925
3866512196
3571649793
4217702392
2745145156
120084990
2476553073
2690758705
3986085219
4152649013
3796665534
2832840693
2467185355
1058034683
181983984
3828623977
2531386315
4225332947
1351723504
3275398343
1176771190
3596611414
1501188643
1232057709
497213442
486775073
3078035725
2285007216
2800486080
939466951
1047110796
542319116
2911082433
764029886
254964146
2810576902
1443028589
3516178950
2440743409
1290753729
2312443038
2005016649
1307962928
3100862155
2006169737
2479029203
2840029357
135894268
3527294053
1517654472
3710792566
102945651
1894464742
3038351933
1488951654
853227078
1367792352
1410498300
647791965
3182789817
589940284
716538670
784841986
2524261625
3735824723
134737435
4009630000
2373707702
2332444730
384516185
3154085116
2918478804
3168312918
4069243746
4131158952
1122819669
2029721658
3494081339
217169008
1818462326
638013064
3398024017
2204480040
3356867023
555634688
2288707900
2729608949
3782132476
3369910099
3477725819
2057866333
1178166935
3001073509
2677939794
4233807198
