3539138509
1062880154
1064588579
3511362844
2111164199
722434384
1905219222
3075912305
3852896117
3051397759
1719929932
3728100683
792891246
922144055
3257973467
4208495203
2427770888
2922567368
152704855
1622346935
2914589718
2883423450
522216080
138324567
1659941026
1796235817
808600503
1493054398
668313726
2765827622
3289240246
542438160
1475386209
4050822906
2823292664
2144818508
4144930832
4027784092
3566252056
4233713738
1719011451
1149066221
458501269
2619798180
1923506757
2499617285
840991212
666167265
1283528106
2406268847
3254608983
653398395
2526593095
503594023
1963137687
2164052063
2827362861
707900816
1690887918
510158055
2266557892
512788010
21588969
3323106738
9090886
2370109822
3559986720
55811720
3164022704
2853498429
2919465591
2779668396
1908418407
3231075424
382058435
3185091882
4186944258
3507713142
1317702772
1870174134
2185932868
2386536429
1775372030
3728326072
2001215117
3246028734
1277743249
3220776573
1928987170
2306711135
1082608226
345419937
3700155755
734996668
2545916345
2180985132
2382461368
2080992001
2792583383
3802216251
619442578
1918924459
421684508
2379384833
1861073500
1948676853
338462874
2915043466
2699241667
3769896296
3598720875
3977922457
397494649
1675308596
1847912878
862470647
2718125400
118703670
2126369224
2437099008
674052720
2739056045
4219221534
7143252
1373036571
285794816
547497020
2722608474
1485813531
2990168017
637785826
2243474492
1702572951
1820637137
934857301
3271629351
1017139382
4073255067
2117153400
2703659783
1166628091
2952642203
2752781876
97992698
1617894696
3621036908
2904475521
3199185289
2583891098
766906332
2098521464
4079984950
2071165136
288308196
2919409147
3225496059
2491087950
713263718
2972929405
3015657851
601899531
1638952667
2262997992
3240215179
3001003545
129874939
3660451525
2466468903
3610460630
259435412
3065063377
3504989285
823822334
1101977884
3140099284
702389941
3409459416
3755311998
20727169
212455338
717005244
2514681877
1671251144
896533602
300009513
1860253344
2491831982
504665306
2317704162
1122080359
1746109218
1474265225
2463113949
921763201
3871147550
3598145339
1852015365
4175275492
1940017229
3992125761
813049405
3522411963
2971625559
1362767548
2036750390
2930726596
1097225787
612463565
2860192456
334262380
1814794778
658234499
992545288
2162184358
4094830241
3370480528
3096852131
3910015778
695958683
3617887089
1216195697
354405184
276605465
62588117
1373313003
3945269924
2433547767
2044177826
1163580211
1072694314
3010752039
2116576500
2223794725
958391699
2899411427
1003860894
1826480776
1583337704
4169403077
2098530121
2553839694
759697642
2882155058
1597827114
1023382758
2675310673
3939818614
3433453978
1111578445
4013715176
3309268074
3980271037
4285181765
311155464
1914137740
2362055502
